110  1000032  +32  +32.12  49
111  1000033  +33  +32.14  50
112  1000032  +32  +32.14  51
113  1000032  +32  +32.13  52
114  1000032  +32  +32.13  53
115  1000032  +32  +32.13  54
116  1000032  +32  +32.13  55
117  1000033  +33  +32.14  56
118  1000032  +32  +32.14  57
119  1000032  +32  +32.14  58
120  1000032  +32  +32.14  59
121  1000032  +32  +32.13  60
122  1000032  +32  +32.00  1
123  1000032  +32  +32.00  2
124  1000033  +33  +32.33  3
125  1000032  +32  +32.25  4
126  1000032  +32  +32.20  5
127  1000032  +32  +32.17  6
128  1000032  +32  +32.14  7
129  1000032  +32  +32.12  8
130  1000033  +33  +32.22  9
131  1000032  +32  +32.20  10
132  1000032  +32  +32.18  11
133  1000032  +32  +32.17  12
134  1000032  +32  +32.15  13
135  1000032  +32  +32.14  14
136  1000033  +33  +32.20  15
137  1000032  +32  +32.19  16
138  1000032  +32  +32.18  17
139  1000032  +32  +32.17  18
140  1000032  +32  +32.16  19
141  1000032  +32  +32.15  20
142  1000033  +33  +32.19  21
143  1000032  +32  +32.18  22
144  1000032  +32  +32.17  23
145  1000032  +32  +32.17  24
146  1000032  +32  +32.16  25
147  1000032  +32  +32.15  26
148  1000033  +33  +32.19  27
149  1000032  +32  +32.18  28
150  1000032  +32  +32.17  29
151  1000032  +32  +32.17  30
152  1000032  +32  +32.16  31
153  1000032  +32  +32.16  32
154  1000032  +32  +32.15  33
155  1000033  +33  +32.18  34
156  1000032  +32  +32.17  35
157  1000032  +32  +32.17  36
158  1000032  +32  +32.16  37
159  1000032  +32  +32.16  38
160  1000032  +32  +32.15  39
161  1000033  +33  +32.17  40
162  1000032  +32  +32.17  41
163  1000032  +32  +32.17  42
164  1000032  +32  +32.16  43
165  1000032  +32  +32.16  44
166  1000032  +32  +32.16  45
167  1000033  +33  +32.17  46
168  1000032  +32  +32.17  47
169  1000032  +32  +32.17  48
170  1000032  +32  +32.16  49
171  1000032  +32  +32.16  50
172  1000032  +32  +32.16  51
173  1000033  +33  +32.17  52
174  1000032  +32  +32.17  53
175  1000032  +32  +32.17  54
176  1000032  +32  +32.16  55
177  1000032  +32  +32.16  56
178  1000032  +32  +32.16  57
179  1000033  +33  +32.17  58
180  1000032  +32  +32.17  59
181  1000032  +32  +32.17  60
182  1000032  +32  +32.00  1
183  1000032  +32  +32.00  2
184  1000032  +32  +32.00  3
185  1000033  +33  +32.25  4
186  1000032  +32  +32.20  5
187  1000032  +32  +32.17  6
188  1000032  +32  +32.14  7
189  1000032  +32  +32.12  8
190  1000033  +33  +32.22  9
191  1000032  +32  +32.20  10
192  1000032  +32  +32.18  11
193  1000032  +32  +32.17  12
194  1000032  +32  +32.15  13
195  1000032  +32  +32.14  14
196  1000033  +33  +32.20  15
197  1000032  +32  +32.19  16
198  1000032  +32  +32.18  17
199  1000032  +32  +32.17  18
200  1000032  +32  +32.16  19
